year	week	merge	split	transition
2009	1	0	0	1
2009	2	0	0.005524862	0.994475138
2009	3	0.006009615	0.008413462	0.985576923
2009	4	0.008658009	0	0.991341991
2009	5	0.006377551	0	0.993622449
2009	6	0.003282276	0.014223195	0.98249453
2009	7	0.006644518	0	0.993355482
2009	8	0.004784689	0	0.995215311
2009	9	0.002666667	0	0.997333333
2009	10	0.007731959	0.00128866	0.990979381
2009	11	0.002518892	0	0.997481108
2009	12	0.0078125	0	0.9921875
2009	13	0.003708282	0	0.996291718
2009	14	0.003623188	0	0.996376812
2009	15	0.003968254	0	0.996031746
2009	16	0.002380952	0.002380952	0.995238095
2009	17	0.003836317	0.001278772	0.99488491
2009	18	0.003546099	0.003546099	0.992907801
2009	19	0.002544529	0	0.997455471
2009	20	0.002239642	0.003359462	0.994400896
2009	21	0	0	1
2009	22	0.00130719	0.00130719	0.997385621
2009	23	0	0	1
2009	24	0	0	1
2009	25	0	0	1
2009	26	0.005535055	0.003690037	0.990774908
2009	27	0.003448276	0.003448276	0.993103448
2009	28	0	0	1
2009	29	0	0	1
2009	30	0.002398082	0	0.997601918
2009	31	0.004739336	0.004739336	0.990521327
2009	32	0.001838235	0	0.998161765
2009	33	0	0	1
2009	34	0	0	1
2009	35	0.004830918	0.002415459	0.992753623
2009	36	0.004	0	0.996
2009	37	0.00209205	0	0.99790795
2009	38	0.001972387	0	0.998027613
2009	39	0.009746589	0	0.990253411
2009	40	0.005802708	0	0.994197292
2009	41	0.006465517	0	0.993534483
2009	42	0.004415011	0	0.995584989
2009	43	0.00660066	0	0.99339934
2009	44	0.00802139	0	0.99197861
2009	45	0.002331002	0	0.997668998
2009	46	0.007246377	0.012681159	0.980072464
2009	47	0.00331675	0	0.99668325
2009	48	0	0	1
2009	49	0.005514706	0.001838235	0.992647059
2009	50	0.009126467	0.007822686	0.983050847
2009	51	0.004332756	0.003466205	0.99220104
2009	52	0.000890472	0.000890472	0.998219056
2010	1	0.001707942	0	0.998292058
2010	2	0.004868549	0.00292113	0.992210321
2010	3	0.003780718	0.008506616	0.987712665
2010	4	0.01402214	0.00295203	0.98302583
2010	5	0.010702341	0.004013378	0.985284281
2010	6	0.017869907	0.002144389	0.979985704
2010	7	0.015221707	0.007279947	0.977498345
2010	8	0.013422819	0.002982849	0.983594333
2010	9	0.016746411	0	0.983253589
2010	10	0.016227181	0.006085193	0.977687627
2010	11	0.01875	0.00625	0.975
2010	12	0.031114327	0.002170767	0.966714906
2010	13	0.021771772	0.000750751	0.977477477
2010	14	0.045396419	0.030051151	0.92455243
2010	15	0.023352794	0.648665555	0.327981651
2010	16	0.058486968	0.038143675	0.903369358
2010	17	0.053862509	0.032600992	0.913536499
2010	18	0.08677686	0.015702479	0.897520661
2010	19	0.08201581	0.014822134	0.903162055
2010	20	0.067692308	0.032	0.900307692
2010	21	0.049521666	0.017445132	0.933033202
2010	22	0.04797048	0.026568266	0.925461255
2010	23	0.051669817	0.04599874	0.902331443
2010	24	0.057345361	0.06314433	0.879510309
2010	25	0.056074766	0.072274143	0.87165109
2010	26	0.085730088	0.068030973	0.846238938
2010	27	0.050793651	0.262585034	0.686621315
2010	28	0.031060724	0.62144743	0.347491847
2010	29	0.047261222	0.536286336	0.416452442
2010	30	0.033204498	0.107167955	0.859627547
2010	31	0.067083196	0.329168037	0.603748767
2010	32	0.070650264	0.226362039	0.702987698
2010	33	0.089918256	0.243674582	0.666407162
2010	34	0.073746313	0.182469448	0.743784239
2010	35	0.080726965	0.230346577	0.688926458
2010	36	0.084164859	0.221258134	0.694577007
2010	37	0.08116655	0.227687983	0.691145467
2010	38	0.102638586	0.322682159	0.574679254
2010	39	0.101168348	0.460701009	0.438130643
2010	40	0.138293874	0.320556182	0.541149944
2010	41	0.087346025	0.273609556	0.63904442
2010	42	0.117098681	0.398135516	0.484765803
2010	43	0.09276089	0.311187715	0.596051395
2010	44	0.090738658	0.18447694	0.724784402
2010	45	0.088962717	0.187153931	0.723883352
2010	46	0.008028231	0.159550066	0.832421703
2010	47	0.102089148	0.121289013	0.776621839
2010	48	0.074014739	0.317526434	0.608458827
2010	49	0.074647123	0.409880565	0.515472313
2010	50	0.081005587	0.443880142	0.475114271
2010	51	0.053081422	0.590868196	0.356050382
2010	52	0.073640743	0.520646937	0.405712319
2011	1	0.052505364	0.445159662	0.502334974
2011	2	0.05186824	0.476155359	0.471976401
2011	3	0.087105155	0.636537673	0.276357172
2011	4	0.069057816	0.714239829	0.216702355
2011	5	0.085826155	0.611902897	0.302270948
2011	6	0.065331928	0.705918511	0.228749561
2011	7	0.064617754	0.681321759	0.254060487
2011	8	0.063066154	0.712050508	0.224883338
2011	9	0.066345605	0.73005513	0.203599265
2011	10	0.060645161	0.51916129	0.420193548
2011	11	0.037424746	0.41432294	0.548252314
2011	12	0.05857162	0.540973368	0.400455012
2011	13	0.087716834	0.608750615	0.303532551
2011	14	0.108110164	0.604001826	0.28788801
2011	15	0.131303925	0.619698627	0.248997448
2011	16	0.134707084	0.609956857	0.255336058
2011	17	0.138654318	0.645989804	0.215355878
2011	18	0.131826658	0.622458041	0.245715301
2011	19	0.182364022	0.599207284	0.218428695
2011	20	0.162835249	0.652792291	0.18437246
2011	21	0.153875652	0.667271705	0.178852643
2011	22	0.171484519	0.666899319	0.161616162
2011	23	0.171140767	0.684293597	0.144565636
2011	24	0.151831291	0.723824422	0.124344287
2011	25	0.121929125	0.731101526	0.146969349
2011	26	0.147472903	0.709089303	0.143437795
2011	27	0.151406071	0.697093544	0.151500385
2011	28	0.134921152	0.713801642	0.151277206
2011	29	0.147430357	0.718270062	0.134299581
2011	30	0.133095749	0.739226881	0.12767737
2011	31	0.145270772	0.711498516	0.143230712
2011	32	0.156381615	0.70010987	0.143508515
2011	33	0.15906074	0.690955405	0.149983855
2011	34	0.151510815	0.692828229	0.155660956
2011	35	0.139879363	0.713141501	0.146979136
2011	36	0.155374532	0.700808402	0.143817065
2011	37	0.145048071	0.719216958	0.13573497
2011	38	0.148089586	0.712658118	0.139252296
2011	39	0.145485494	0.713209342	0.141305164
2011	40	0.137325251	0.73415811	0.12851664
2011	41	0.146056525	0.720232629	0.133710846
2011	42	0.134014439	0.736956818	0.129028743
2011	43	0.151738151	0.706134329	0.142127519
2011	44	0.127916292	0.738438008	0.133645699
2011	45	0.140762902	0.717900773	0.141336325
2011	46	0.14938554	0.712720115	0.137894345
2011	47	0.137194872	0.716261652	0.146543476
2011	48	0.146967395	0.718335865	0.13469674
2011	49	0.145037447	0.720036856	0.134925698
2011	50	0.144285834	0.707154231	0.148559935
2011	51	0.150201049	0.710159312	0.13963964
2011	52	0.142665794	0.707971218	0.149362988
2012	1	0.164955279	0.683372068	0.151672653
2012	2	0.158509738	0.698645216	0.142845047
2012	3	0.160477249	0.700354415	0.139168336
2012	4	0.158904287	0.69650208	0.144593633
2012	5	0.165000627	0.69097411	0.144025262
2012	6	0.15263127	0.626318571	0.22105016
2012	7	0.144246588	0.603615656	0.252137756
2012	8	0.16288765	0.692772366	0.144339984
2012	9	0.167457408	0.690209187	0.142333405
2012	10	0.173533945	0.682977891	0.143488163
2012	11	0.16653453	0.700486404	0.132979065
2012	12	0.165403847	0.696071795	0.138524357
2012	13	0.17182495	0.688814821	0.139360229
2012	14	0.173549884	0.683125923	0.143324193
2012	15	0.167843413	0.698118439	0.134038149
2012	16	0.187600762	0.660138502	0.152260736
2012	17	0.168402587	0.685432884	0.146164529
2012	18	0.15094203	0.59032262	0.258735351
2012	19	0.141287388	0.543554759	0.315157853
2012	20	0.149011597	0.553162157	0.297826246
2012	21	0.16754642	0.599050611	0.233402969
2012	22	0.166353322	0.578520211	0.255126467
2012	23	0.171316658	0.609234699	0.219448643
2012	24	0.174258638	0.619710313	0.206031048
2012	25	0.174331908	0.628097332	0.19757076
2012	26	0.147566649	0.708747405	0.143685946
2012	27	0.152199036	0.706202315	0.14159865
2012	28	0.158370946	0.702561142	0.139067912
2012	29	0.16209098	0.668873391	0.169035629
2012	30	0.151020067	0.699506337	0.149473596
2012	31	0.139434428	0.722635141	0.137930431
2012	32	0.137447387	0.724087192	0.138465421
2012	33	0.150368413	0.706715699	0.142915889
2012	34	0.125818648	0.736875813	0.137305539
2012	35	0.138628045	0.68133265	0.180039305
2012	36	0.14433878	0.700326049	0.155335171
2012	37	0.154294039	0.669670594	0.176035367
2012	38	0.149377265	0.690026848	0.160595887
2012	39	0.139956112	0.718961643	0.141082244
2012	40	0.150778372	0.674412239	0.17480939
2012	41	0.160448569	0.673984994	0.165566438
2012	42	0.161812925	0.666528353	0.171658721
2012	43	0.159397215	0.653845949	0.186756836
2012	44	0.15194801	0.660212784	0.187839206
2012	45	0.148871029	0.650898381	0.20023059
2012	46	0.150978434	0.6506242	0.198397367
2012	47	0.146986186	0.613258804	0.239755009
2012	48	0.1475056	0.625237989	0.22725641
2012	49	0.150178847	0.618302006	0.231519147
2012	50	0.156584544	0.63837446	0.205040997
2012	51	0.147622945	0.640123463	0.212253592
2012	52	0.153859898	0.657470903	0.188669199
2013	1	0.150338299	0.643347563	0.206314138
2013	2	0.142056747	0.644929446	0.213013807
2013	3	0.148217592	0.65786476	0.193917648
2013	4	0.147730122	0.659070556	0.193199322
2013	5	0.149752032	0.658862277	0.191385691
2013	6	0.144103973	0.649358913	0.206537114
2013	7	0.167488141	0.614259801	0.218252059
2013	8	0.166399553	0.615425329	0.218175118
2013	9	0.168981781	0.620013879	0.21100434
2013	10	0.175057609	0.601365447	0.223576943
2013	11	0.176071722	0.605946605	0.217981672
2013	12	0.176493599	0.630502333	0.193004067
2013	13	0.175520652	0.619329699	0.20514965
2013	14	0.18421676	0.601228854	0.214554386
2013	15	0.188527259	0.611256879	0.200215861
2013	16	0.178861399	0.616169194	0.204969407
2013	17	0.186239217	0.603749153	0.21001163
2013	18	0.188000951	0.607917924	0.204081125
2013	19	0.183252438	0.580244059	0.236503503
2013	20	0.187013597	0.5783661	0.234620303
2013	21	0.178720516	0.583015812	0.238263672
2013	22	0.185926698	0.578501214	0.235572088
2013	23	0.181791318	0.582274432	0.235934251
2013	24	0.180767612	0.571418471	0.247813917
2013	25	0.177720383	0.579215968	0.243063649
2013	26	0.177482572	0.593886198	0.228631231
2013	27	0.17636115	0.593304764	0.230334086
2013	28	0.171007049	0.588678553	0.240314398
2013	29	0.17562686	0.590470595	0.233902545
2013	30	0.176907957	0.594658481	0.228433562
2013	31	0.165523987	0.584273776	0.250202237
2013	32	0.169801924	0.582753917	0.247444159
2013	33	0.182283596	0.575965893	0.241750511
2013	34	0.178695959	0.590925994	0.230378047
2013	35	0.1761016	0.60445144	0.219446961
2013	36	0.194389965	0.583238341	0.222371694
2013	37	0.179415224	0.582204009	0.238380767
2013	38	0.176180181	0.612767272	0.211052548
2013	39	0.168856981	0.607372798	0.223770221
2013	40	0.158000769	0.614637657	0.227361574
2013	41	0.154726755	0.613930447	0.231342798
2013	42	0.166563412	0.604914934	0.228521654
2013	43	0.169931042	0.590749983	0.239318975
2013	44	0.168464576	0.575833048	0.255702376
2013	45	0.180088822	0.556354483	0.263556695
2013	46	0.171087476	0.581601602	0.247310922
2013	47	0.172309438	0.563559675	0.264130887
2013	48	0.164124168	0.580561747	0.255314085
2013	49	0.158954885	0.565140708	0.275904407
2013	50	0.161870758	0.558697126	0.279432117
2013	51	0.164001328	0.56516683	0.270831842
2013	52	0.173385602	0.549058916	0.277555482
2014	1	0.18394132	0.566802263	0.249256417
2014	2	0.177278497	0.545778633	0.27694287
2014	3	0.172853154	0.554073869	0.273072976
2014	4	0.180790625	0.557105248	0.262104128
2014	5	0.170362292	0.564422766	0.265214942
2014	6	0.175493029	0.566160728	0.258346243
2014	7	0.177566467	0.561954051	0.260479482
2014	8	0.179145486	0.561413303	0.259441212
2014	9	0.177522405	0.558664949	0.263812647
2014	10	0.18280023	0.560844962	0.256354808
2014	11	0.175573946	0.523074963	0.30135109
2014	12	0.178671765	0.528158863	0.293169372
2014	13	0.179093151	0.553634395	0.267272454
2014	14	0.181607474	0.556809935	0.261582591
2014	15	0.184103518	0.551711405	0.264185077
2014	16	0.19383492	0.550095284	0.256069796
2014	17	0.192648481	0.548546725	0.258804794
2014	18	0.186960754	0.552791193	0.260248053
2014	19	0.182059388	0.552546443	0.265394169
2014	20	0.181156989	0.541636684	0.277206327
2014	21	0.184037729	0.533266053	0.282696218
2014	22	0.184359975	0.54146238	0.274177645
2014	23	0.180504926	0.553021393	0.266473682
2014	24	0.182214391	0.545604699	0.27218091
2014	25	0.184048642	0.538428444	0.277522914
2014	26	0.181392552	0.542881892	0.275725556
2014	27	0.184263717	0.538686778	0.277049505
2014	28	0.180963879	0.53527174	0.283764381
2014	29	0.173961874	0.547273845	0.278764282
2014	30	0.178053493	0.545935913	0.276010595
2014	31	0.180955683	0.545319333	0.273724984
2014	32	0.187055276	0.541520123	0.271424601
2014	33	0.188288015	0.536979212	0.274732773
2014	34	0.17653087	0.559602733	0.263866397
2014	35	0.176458556	0.559151983	0.26438946
2014	36	0.178527255	0.557851552	0.263621194
2014	37	0.176664264	0.571273132	0.252062604
2014	38	0.177345949	0.563119035	0.259535016
2014	39	0.186459399	0.556480975	0.257059626
2014	40	0.18670044	0.568296115	0.245003445
2014	41	0.176072466	0.581291827	0.242635707
2014	42	0.176861385	0.572199853	0.250938762
2014	43	0.173473748	0.585429237	0.241097016
2014	44	0.168372148	0.597848092	0.233779761
2014	45	0.170468214	0.584777346	0.24475444
2014	46	0.172191719	0.597984699	0.229823582
2014	47	0.165904451	0.602935072	0.231160477
2014	48	0.168023046	0.60325531	0.228721644
2014	49	0.162899213	0.616218254	0.220882533
2014	50	0.171968452	0.591879644	0.236151905
2014	51	0.175232902	0.590774776	0.233992322
2014	52	0.172765318	0.592042312	0.23519237
2015	1	0.181954017	0.589635418	0.228410565
2015	2	0.174323614	0.605356598	0.220319788
2015	3	0.169714476	0.607331419	0.222954105
2015	4	0.175890039	0.581714825	0.242395136
2015	5	0.181490678	0.564371229	0.254138093
2015	6	0.184770274	0.560988951	0.254240775
2015	7	0.196815149	0.554916029	0.248268822
2015	8	0.196097287	0.548289725	0.255612988
2015	9	0.184661501	0.560761415	0.254577085
2015	10	0.206893486	0.535093486	0.258013028
2015	11	0.187289765	0.5394895	0.273220735
2015	12	0.182883087	0.558239128	0.258877785
2015	13	0.180578557	0.56541452	0.254006923
2015	14	0.173824639	0.58017379	0.246001572
2015	15	0.169186774	0.584752856	0.24606037
2015	16	0.170712727	0.566667726	0.262619547
2015	17	0.170607989	0.559466411	0.2699256
2015	18	0.168949703	0.560353125	0.270697171
2015	19	0.169167887	0.553764463	0.27706765
2015	20	0.175091196	0.550943074	0.27396573
2015	21	0.177442697	0.551822906	0.270734397
2015	22	0.172060884	0.543980166	0.283958951
2015	23	0.172594069	0.538825238	0.288580693
2015	24	0.180018221	0.543205591	0.276776188
2015	25	0.173445012	0.556452012	0.270102976
2015	26	0.170948051	0.566881913	0.262170036
2015	27	0.169690839	0.555666506	0.274642655
2015	28	0.099132992	0.553360247	0.347506761
2015	29	0.272537822	0.486467338	0.24099484
2015	30	0.172958603	0.58073889	0.246302507
2015	31	0.159790193	0.593808788	0.246401019
2015	32	0.162049064	0.603454045	0.23449689
2015	33	0.179013206	0.563881999	0.257104795
2015	34	0.179197606	0.571257364	0.249545031
2015	35	0.175172627	0.571310798	0.253516575
2015	36	0.16918185	0.580461405	0.250356745
2015	37	0.207185356	0.510978846	0.281835797
2015	38	0.232529625	0.438339356	0.329131019
2015	39	0.176119437	0.557192687	0.266687876
2015	40	0.170509213	0.574051042	0.255439745
2015	41	0.174613639	0.561858994	0.263527367
2015	42	0.174285482	0.558562554	0.267151964
2015	43	0.176698904	0.563857178	0.259443918
2015	44	0.17052834	0.559922664	0.269548996
2015	45	0.174633647	0.570870406	0.254495947
2015	46	0.166499089	0.58799189	0.245509021
2015	47	0.163500591	0.587563454	0.248935955
2015	48	0.162764354	0.594162251	0.243073395
2015	49	0.158556682	0.58815127	0.253292048
2015	50	0.154281777	0.59296837	0.252749853
2015	51	0.146659053	0.601528268	0.251812679
2015	52	0.153828007	0.602460861	0.243711132
2016	1	0.163251937	0.595261958	0.241486105
2016	2	0.158032692	0.59511261	0.246854698
2016	3	0.159260503	0.611236862	0.229502635
2016	4	0.150007269	0.590569856	0.259422875
2016	5	0.151580107	0.624624486	0.223795407
2016	6	0.158660559	0.629703243	0.211636197
2016	7	0.160895375	0.626394504	0.212710121
2016	8	0.158956307	0.604023075	0.237020618
2016	9	0.161240386	0.619975924	0.21878369
2016	10	0.157269881	0.598242123	0.244487996
2016	11	0.140019532	0.638532834	0.221447633
2016	12	0.145317826	0.62382139	0.230860784
2016	13	0.154430794	0.618252129	0.227317077
2016	14	0.140975202	0.629442598	0.229582201
2016	15	0.133327661	0.641890634	0.224781705
2016	16	0.135131018	0.640446123	0.224422859
2016	17	0.12783726	0.645633127	0.226529614
2016	18	0.132983002	0.625070852	0.241946146
2016	19	0.128674889	0.653044716	0.218280395
2016	20	0.140322838	0.643900547	0.215776615
2016	21	0.142715918	0.635149018	0.222135064
2016	22	0.139385532	0.640206159	0.220408309
2016	23	0.135518472	0.647195994	0.217285535
2016	24	0.145170451	0.645220565	0.209608984
2016	25	0.140997648	0.645848828	0.213153524
2016	26	0.129784243	0.658580881	0.211634876
2016	27	0.130991505	0.66267688	0.206331615
2016	28	0.133565483	0.659573539	0.206860978
2016	29	0.126177278	0.676025996	0.197796726
2016	30	0.128244826	0.671157189	0.200597985
2016	31	0.132780314	0.658065495	0.209154191
2016	32	0.121644565	0.675862861	0.202492574
2016	33	0.123700416	0.664083554	0.212216031
2016	34	0.124148203	0.659998587	0.21585321
2016	35	0.129671719	0.656351861	0.21397642
2016	36	0.128940441	0.662800015	0.208259544
2016	37	0.124942899	0.673052127	0.202004973
2016	38	0.119670607	0.675309459	0.205019934
2016	39	0.125721878	0.660432681	0.213845441
2016	40	0.123290686	0.660092948	0.216616367
2016	41	0.120751218	0.661654447	0.217594335
2016	42	0.121886569	0.661149713	0.216963719
2016	43	0.126873866	0.64989225	0.223233884
2016	44	0.118268226	0.65600089	0.225730884
2016	45	0.119623286	0.646804435	0.23357228
2016	46	0.115782612	0.649822794	0.234394593
2016	47	0.114642342	0.658668151	0.226689507
2016	48	0.119105094	0.640787485	0.24010742
2016	49	0.117232623	0.646357998	0.236409379
2016	50	0.115499587	0.651902919	0.232597494
2016	51	0.118604768	0.644220624	0.237174607
2016	52	0.11519694	0.664533963	0.220269097
2017	1	0.118807692	0.666586918	0.214605389
2017	2	0.115903501	0.665116305	0.218980193
2017	3	0.116612791	0.668318973	0.215068236
2017	4	0.123570188	0.669432944	0.206996868
2017	5	0.119807729	0.670856849	0.209335422
2017	6	0.117212245	0.673668749	0.209119006
2017	7	0.120038339	0.685140379	0.194821282
2017	8	0.118316936	0.679594303	0.202088761
2017	9	0.109395993	0.698632462	0.191971545
2017	10	0.114961899	0.677542709	0.207495393
2017	11	0.119049971	0.697315559	0.18363447
2017	12	0.121131075	0.700920981	0.177947945
2017	13	0.121082239	0.691869923	0.187047838
2017	14	0.119441196	0.696130353	0.184428451
2017	15	0.122063533	0.690787984	0.187148483
2017	16	0.117569636	0.694782882	0.187647482
2017	17	0.116769458	0.691210212	0.19202033
2017	18	0.115332202	0.702458154	0.182209644
2017	19	0.113707339	0.703270808	0.183021853
2017	20	0.123767796	0.695227978	0.181004226
2017	21	0.123703533	0.689208446	0.187088021
2017	22	0.138493321	0.652174601	0.209332078
2017	23	0.131806768	0.666813077	0.201380155
2017	24	0.124689009	0.667524511	0.20778648
2017	25	0.125008519	0.678566155	0.196425326
2017	26	0.132589771	0.671210527	0.196199702
2017	27	0.134670777	0.679023272	0.18630595
2017	28	0.137238546	0.679289846	0.183471609
